# Blender 4.5.3 LTS
# www.blender.org
o Cube
v -0.404013 -0.887486 0.404013
v -0.290312 1.087715 0.290312
v -0.404013 -0.887486 -0.404013
v -0.290312 1.087715 -0.290312
v 0.404013 -0.887486 0.404013
v 0.290312 1.087715 0.290312
v 0.404013 -0.887486 -0.404013
v 0.290312 1.087715 -0.290312
v -0.391408 0.666667 0.391408
v -0.391408 0.666667 -0.391408
v 0.391408 0.666667 -0.391408
v 0.391408 0.666667 0.391408
v -0.226930 2.402267 0.226930
v -0.226930 2.402267 -0.226930
v 0.226930 2.402267 0.226930
v 0.226930 2.402267 -0.226930
v -0.219994 2.692337 0.219994
v -0.219994 2.692337 -0.219994
v 0.219994 2.692337 0.219994
v 0.219994 2.692337 -0.219994
v -0.251141 2.519212 0.251141
v -0.251141 2.519212 -0.251141
v 0.251141 2.519212 -0.251141
v 0.251141 2.519212 0.251141
v -0.251141 2.679485 0.251141
v -0.251141 2.679485 -0.251141
v 0.251141 2.679485 -0.251141
v 0.251141 2.679485 0.251141
v -0.524399 -0.924990 0.000000
v -0.409696 -0.041667 0.409696
v -0.538186 0.666667 0.000000
v -0.409696 -0.041667 -0.409696
v -0.000000 -0.924990 -0.524399
v -0.000000 0.666667 -0.538186
v 0.409696 -0.041667 -0.409696
v 0.524399 -0.924990 0.000000
v 0.538186 0.666667 -0.000000
v 0.409696 -0.041667 0.409696
v 0.000000 -0.924990 0.524399
v 0.000000 0.666667 0.538186
v -0.399179 1.087715 0.000000
v -0.000000 1.087715 -0.399179
v 0.399179 1.087715 -0.000000
v -0.000000 1.087715 0.399179
v -0.346995 0.958333 0.346995
v -0.346995 0.958333 -0.346995
v 0.346995 0.958333 -0.346995
v 0.346995 0.958333 0.346995
v -0.312028 2.402267 0.000000
v -0.000000 2.402267 -0.312028
v 0.312028 2.402267 -0.000000
v -0.000000 2.402267 0.312028
v 0.253450 1.753181 0.253450
v -0.253450 1.753181 0.253450
v -0.253450 1.753181 -0.253450
v 0.253450 1.753181 -0.253450
v -0.302491 2.692337 0.000000
v -0.000000 2.692337 -0.302491
v 0.302491 2.692337 -0.000000
v -0.000000 2.692337 0.302491
v 0.236724 2.692337 0.236724
v -0.236724 2.692337 0.236724
v 0.236724 2.506361 0.236724
v 0.236724 2.506361 -0.236724
v -0.345320 2.519212 0.000000
v -0.000000 2.519213 -0.345319
v 0.345319 2.519212 0.000000
v -0.000000 2.519213 0.345319
v -0.345319 2.679485 0.000000
v -0.000000 2.679485 -0.345319
v 0.345319 2.679485 -0.000000
v -0.000000 2.679485 0.345319
v 0.253454 2.599349 0.253454
v 0.253454 2.599349 -0.253454
v -0.253454 2.599349 -0.253454
v -0.253454 2.599349 0.253454
v -0.236724 2.506361 0.236724
v -0.236724 2.506361 -0.236724
v 0.236724 2.692337 -0.236724
v -0.236724 2.692337 -0.236724
v -0.563332 -0.041667 0.000000
v -0.000000 -0.041667 -0.563332
v 0.563332 -0.041667 -0.000000
v 0.000000 -0.041667 0.563332
v 0.000000 -1.000000 -0.000000
v -0.000000 1.753181 0.348493
v -0.477118 0.958333 0.000000
v -0.000000 0.958333 -0.477118
v 0.477118 0.958333 -0.000000
v -0.000000 0.958333 0.477118
v -0.000000 1.753181 -0.348493
v 0.348493 1.753181 0.000000
v -0.348494 1.753181 0.000000
v -0.000000 2.692337 -0.325495
v -0.325495 2.506361 0.000000
v -0.000000 2.692337 0.325495
v 0.325495 2.506361 -0.000000
v 0.348499 2.599349 0.000000
v -0.348499 2.599349 0.000000
v -0.000000 2.599349 0.348499
v -0.000000 2.599349 -0.348499
v -0.000000 2.506361 0.325495
v -0.000000 2.506361 -0.325495
v 0.325495 2.692337 0.000000
v -0.325495 2.692337 -0.000000
s 0
f 1 30 81 29
f 30 9 31 81
f 81 31 10 32
f 29 81 32 3
f 3 32 82 33
f 32 10 34 82
f 82 34 11 35
f 33 82 35 7
f 7 35 83 36
f 35 11 37 83
f 83 37 12 38
f 36 83 38 5
f 5 38 84 39
f 38 12 40 84
f 84 40 9 30
f 39 84 30 1
f 3 33 85 29
f 33 7 36 85
f 85 36 5 39
f 29 85 39 1
f 2 44 86 54
f 44 6 53 86
f 86 53 15 52
f 54 86 52 13
f 2 41 87 45
f 41 4 46 87
f 87 46 10 31
f 45 87 31 9
f 4 42 88 46
f 42 8 47 88
f 88 47 11 34
f 46 88 34 10
f 8 43 89 47
f 43 6 48 89
f 89 48 12 37
f 47 89 37 11
f 6 44 90 48
f 44 2 45 90
f 90 45 9 40
f 48 90 40 12
f 8 42 91 56
f 42 4 55 91
f 91 55 14 50
f 56 91 50 16
f 6 43 92 53
f 43 8 56 92
f 92 56 16 51
f 53 92 51 15
f 4 41 93 55
f 41 2 54 93
f 93 54 13 49
f 55 93 49 14
f 18 58 94 80
f 58 20 79 94
f 94 79 27 70
f 80 94 70 26
f 14 49 95 78
f 49 13 77 95
f 95 77 21 65
f 78 95 65 22
f 19 60 96 61
f 60 17 62 96
f 96 62 25 72
f 61 96 72 28
f 15 51 97 63
f 51 16 64 97
f 97 64 23 67
f 63 97 67 24
f 24 67 98 73
f 67 23 74 98
f 98 74 27 71
f 73 98 71 28
f 22 65 99 75
f 65 21 76 99
f 99 76 25 69
f 75 99 69 26
f 21 68 100 76
f 68 24 73 100
f 100 73 28 72
f 76 100 72 25
f 23 66 101 74
f 66 22 75 101
f 101 75 26 70
f 74 101 70 27
f 13 52 102 77
f 52 15 63 102
f 102 63 24 68
f 77 102 68 21
f 16 50 103 64
f 50 14 78 103
f 103 78 22 66
f 64 103 66 23
f 20 59 104 79
f 59 19 61 104
f 104 61 28 71
f 79 104 71 27
f 17 57 105 62
f 57 18 80 105
f 105 80 26 69
f 62 105 69 25
o Cube.001
v -0.180625 1.954633 0.180625
v -0.180625 3.015844 0.180625
v -0.180625 1.954633 -0.180625
v -0.180625 3.015844 -0.180625
v 0.180625 1.954633 0.180625
v 0.180625 3.015844 0.180625
v 0.180625 1.954633 -0.180625
v 0.180625 3.015844 -0.180625
v -0.237021 1.954633 -0.000000
v -0.180625 2.485238 0.180625
v -0.237021 3.015844 0.000000
v -0.180625 2.485238 -0.180625
v 0.000000 1.954633 -0.237021
v -0.000000 3.015844 -0.237021
v 0.180625 2.485238 -0.180625
v 0.237021 1.954633 0.000000
v 0.237021 3.015844 -0.000000
v 0.180625 2.485238 0.180625
v -0.000000 1.954633 0.237021
v 0.000000 3.015844 0.237021
v -0.237021 2.485238 -0.000000
v 0.000000 2.485238 -0.237021
v 0.237021 2.485238 0.000000
v -0.000000 2.485238 0.237021
v -0.000000 1.954633 -0.000000
v 0.000000 3.015844 -0.000000
s 0
f 106 115 126 114
f 115 107 116 126
f 126 116 109 117
f 114 126 117 108
f 108 117 127 118
f 117 109 119 127
f 127 119 113 120
f 118 127 120 112
f 112 120 128 121
f 120 113 122 128
f 128 122 111 123
f 121 128 123 110
f 110 123 129 124
f 123 111 125 129
f 129 125 107 115
f 124 129 115 106
f 108 118 130 114
f 118 112 121 130
f 130 121 110 124
f 114 130 124 106
f 113 119 131 122
f 119 109 116 131
f 131 116 107 125
f 122 131 125 111
